sigmoid(-356) = 2.4612993808147185e-155
sigmoid(-23.2548) = 7.953690405081907e-11
sigmoid(0) = 0.5
sigmoid(1) = 0.7310585786300049
sigmoid(256.78) = 1.0
